[config]
vac = ANY
topx = 126.911888
topy = 37.484337
botx = 126.936950
boty = 37.458962

